District,State,Group Population,Less than HS,HS or GED,Some College or AA,BA or higher
Delegate District (at Large),District of Columbia,19603,,,,0.7970718767535582
District (at Large),Alaska,29572,0.1843635871770594,0.2550723657513864,0.299776815906939,0.26078723116461516
District (at Large),Delaware,25032,0.08385266858421221,0.10598434004474273,0.11577181208053691,0.6943911792905082
District (at Large),Montana,4788,,,,0.4692982456140351
District (at Large),North Dakota,6151,,,,0.4804096894813851
District (at Large),South Dakota,6729,0.270619705751226,0.18323673651359787,,0.4159607668301382
District (at Large),Vermont,5818,0.22258508078377448,,,0.4546235819869371
District (at Large),Wyoming,3480,,,,
District 1,Alabama,6606,0.25507114744171966,,,0.3475628216772631
District 1,Arizona,7888,,0.18395030425963488,0.25050709939148075,0.44016227180527384
District 1,Arkansas,2293,,,,
District 1,California,11061,0.22149896031100264,0.15396437935087243,0.27592441913027754,0.3486122412078474
District 1,Colorado,19674,0.17606994002236454,0.1422181559418522,0.17205448815695842,0.5096574158788248
District 1,Connecticut,24593,0.1125523522953686,0.10523319643801081,0.10954336599845485,0.6726710852681658
District 1,Florida,13801,0.17933483080936163,0.254112020868053,0.2859937685674951,0.2805593797550902
District 1,Georgia,8848,0.13698010849909584,0.20309674502712477,0.2389240506329114,0.420999095840868
District 1,Hawaii,281831,0.12133157814434892,0.24073292150260261,0.283148411636761,0.35478708871628745
District 1,Idaho,7033,,,,0.42058865349068675
District 1,Illinois,8646,,,,0.7325931066389082
District 1,Indiana,6324,,,0.20287792536369387,0.5702087286527514
District 1,Iowa,7212,0.15488075429839157,,0.20978924015529674,0.519134775374376
District 1,Kansas,7194,0.2350569919377259,0.1755629691409508,0.2219905476786211,0.36738949124270226
District 1,Kentucky,2578,,,,
District 1,Louisiana,11880,0.1744949494949495,0.1622895622895623,0.14983164983164984,0.5133838383838384
District 1,Maine,6607,,0.20205842288481912,0.20720448009686696,0.4051763281368246
District 1,Maryland,10486,,,0.19197024604234217,0.57991607858096506
District 1,Massachusetts,9526,0.22727272727272727,,0.17436489607390301,0.4080411505353769
District 1,Michigan,3009,,0.22366234629444998,,0.4317048853439681
District 1,Minnesota,10954,0.21690706591199563,0.1412269490597042,0.20896476173087455,0.4329012232974256
District 1,Mississippi,3657,,,,
District 1,Missouri,14955,0.14650618522233366,0.13226345703778,0.13386827148111,0.5873620862587763
District 1,Nebraska,9728,0.18564967105263158,0.21371299342105263,0.17588404605263158,0.42475328947368424
District 1,Nevada,45262,0.1473642348990323,0.24837612124961336,0.31618134417392074,0.2880782996774336
District 1,New Hampshire,10764,0.1408398364920104,0.18543292456335936,0.1517094017094017,0.5220178372352285
District 1,New Jersey,25737,0.134825348719742,0.17076582352255507,0.17130978746551656,0.5230990402921863
District 1,New Mexico,11536,0.16946948682385576,0.17068307905686547,0.20388349514563106,0.45596393897364773
District 1,New York,18302,0.09529013222598623,0.12572396459403343,0.1690525625614687,0.6099333406185117
District 1,North Carolina,9878,,,,0.6956873861105487
District 1,Ohio,15706,,,0.10371832420730931,0.7278110276327519
District 1,Oklahoma,13682,0.19507381961701506,0.20991083174974418,0.2053062417775179,0.38970910685572285
District 1,Oregon,44197,0.08134036246804081,0.10242776659049256,0.18594022218702627,0.6302916487544403
District 1,Pennsylvania,35994,0.32583208312496525,0.21786964494082348,0.1294660221147969,0.32683224981941433
District 1,Rhode Island,11564,0.149948114839156,0.137668626772743,,0.5543064683500519
District 1,South Carolina,10044,,0.20051772202309837,0.20410195141377938,0.48317403424930305
District 1,Tennessee,3414,,,,0.5755711775043937
District 1,Texas,5110,,,,0.5219178082191781
District 1,Utah,7459,0.1280332484247218,0.24145327791929214,0.2681324574339724,0.3623810162220137
District 1,Virginia,16873,0.12884490013631245,0.1744206720796539,0.21904818348841343,0.47768624429562023
District 1,Washington,54711,0.0592933779313118,0.07428122315439309,0.14282319825994771,0.7236022006543474
District 1,West Virginia,3610,,,,0.682825484764543
District 1,Wisconsin,8970,,0.17023411371237457,,0.5471571906354515
District 10,California,34199,0.18339717535600455,0.19801748589140034,0.2894236673586947,0.3291616713939004
District 10,Florida,28409,0.13671723749516,0.18300538561723398,0.1982822345031504,0.4819951423844556
District 10,Georgia,9077,,,0.20480334912415996,0.46700451691087363
District 10,Illinois,52509,0.06421756270353654,0.09573596907196862,0.16069626159325068,0.6793502066312441
District 10,Michigan,7888,,,0.2538032454361055,0.5225659229208925
District 10,New Jersey,39878,0.09752244345253022,0.13739405185816742,0.16944179748232108,0.5956417072069813
District 10,New York,100636,0.2551472634047458,0.16086688660121626,0.099556818633491,0.48442903136054694
District 10,North Carolina,7252,,0.23690016547159404,,0.36403750689464975
District 10,Ohio,11018,0.1141768015973861,0.1260664367398802,0.1397712833545108,0.6199854783082229
District 10,Pennsylvania,4503,,,,0.47923606484565845
District 10,Texas,31665,0.08570977419864204,0.11069003631770093,0.1515237644086531,0.652076425075004
District 10,Virginia,76466,0.07233280150655193,0.08728062145267178,0.13740747521774382,0.7029791018230325
District 10,Washington,34079,0.16573256257519292,0.23175562663223687,0.28604125707913963,0.3164705537134306
District 11,California,77707,0.10812410722328748,0.12038812462197743,0.23160075668858662,0.5398870114661485
District 11,Florida,7175,,,0.24306620209059235,0.4069686411149826
District 11,Georgia,17913,,0.12488137107128901,0.17238876793390276,0.6127951766873221
District 11,Illinois,38011,0.06427086895898555,0.07676725158506748,0.1498513588171845,0.7091105206387625
District 11,Michigan,47581,0.061200899518715456,0.07675332590740001,0.10491582774636934,0.7571299468275152
District 11,New Jersey,52549,0.06053397781118575,0.09172391482235628,0.10622466650174123,0.7415174408647167
District 11,New York,71724,0.25606491550945293,0.20955328760247616,0.15915174836874688,0.37523004851932407
District 11,North Carolina,5606,0.18943988583660365,,,0.3451658936853371
District 11,Ohio,11762,0.13169528991668084,0.1414725386838973,0.08706002380547526,0.6397721475939466
District 11,Pennsylvania,7711,,,,0.49371028400985606
District 11,Texas,4770,,,,0.5014675052410902
District 11,Virginia,100733,0.09651256291384154,0.13673771256688474,0.16300517208859064,0.6037445524306831
District 12,California,197185,0.21519892486751022,0.14846971118492786,0.17993255065040445,0.4563988132971575
District 12,Florida,13961,0.15027576821144617,0.1469092471885968,0.200415443019841,0.502399541580116
District 12,Georgia,8524,0.14406381980290944,,0.17726419521351477,0.5239324260910371
District 12,Illinois,6154,,,,0.5175495612609685
District 12,Michigan,22317,,,0.1118429896491464,0.7596899224806202
District 12,New Jersey,85189,0.06302456889974058,0.07754522297479721,0.09260585286832806,0.7668243552571341
District 12,New York,79272,0.08295488949439903,0.0842542133414068,0.09700777071349279,0.7357831264507014
District 12,North Carolina,31043,0.19415004993074123,0.12675965596108624,0.15204716039042618,0.5270431337177464
District 12,Ohio,19869,,0.10725250390054859,0.09386481453520559,0.7520257687855453
District 12,Pennsylvania,8658,,,,0.7425502425502426
District 12,Texas,18246,0.17192809382878438,0.1994957798969637,0.2227885563959224,0.4057875698783295
District 13,California,113222,0.21635371217607885,0.1466587765628588,0.19141156312377453,0.4455759481372878
District 13,Florida,18486,0.1682895163907822,0.22882181110029212,0.22168127231418372,0.381207400194742
District 13,Georgia,13769,0.18882998039073282,0.23952356743409106,0.17488561260803254,0.3967608395671436
District 13,Illinois,12843,,,,0.7710815230086429
District 13,Michigan,6217,,,,0.6080102943541901
District 13,New York,27826,0.1709552217350679,0.1418816933802918,0.12128944152950479,0.5658736433551355
District 13,North Carolina,16734,0.22714234492649696,0.19696426437193737,0.17796103740886818,0.3979323532926975
District 13,Ohio,7862,,0.22513355380310354,,0.3742050368862885
District 13,Pennsylvania,46756,0.23573445119342973,0.18256480451706733,0.1538198306099752,0.42788091367952774
District 13,Texas,8450,0.31420118343195264,0.20355029585798817,0.1688757396449704,0.31337278106508876
District 14,California,189600,0.10718881856540084,0.12868143459915612,0.22977848101265821,0.5343512658227848
District 14,Florida,23403,0.12160834081100713,0.12827415288638208,0.1388283553390591,0.6112891509635516
District 14,Georgia,5070,,,,
District 14,Illinois,21011,,,0.18904383418209508,0.6508019608776355
District 14,Michigan,20258,0.1492743607463718,0.13244150459077894,0.13293513673610424,0.585348997926745
District 14,New York,89736,0.24260051707230096,0.22581795488989925,0.17000980654363912,0.36157172149416067
District 14,Ohio,10408,,,0.1200999231360492,0.6813028439661799
District 14,Pennsylvania,13756,,,,0.716923524280314
District 14,Texas,15279,0.18600693762680803,0.19850775574317692,0.15360952941946462,0.46187577721055045
District 15,California,177311,0.07855124611558223,0.13301487217375121,0.19564494024623402,0.5927889414644325
District 15,Florida,16361,0.13281584255241122,0.15818104027871158,0.22205244178228714,0.48695067538659004
District 15,Illinois,3245,,,,0.4604006163328197
District 15,New York,9655,0.3120662868979803,0.18114966338684618,0.21377524598653547,0.293008803728638
District 15,Ohio,12397,,,,0.6593530692909575
District 15,Pennsylvania,13358,0.1149124120377302,0.16514448270699206,0.1403653241503219,0.5795777811049558
District 15,Texas,5332,,,,0.5903975993998499
District 16,California,37984,0.3428285593934288,0.2000052653748947,0.25600252737994944,0.20116364785172705
District 16,Florida,11310,0.1251105216622458,0.1960212201591512,0.21396993810786913,0.46489832007073384
District 16,Illinois,6838,,,,0.5159403334308277
District 16,New York,27495,0.10518276050190944,0.1408256046553919,0.1574468085106383,0.5965448263320604
District 16,Ohio,11076,,,0.13633080534488984,0.7074756229685807
District 16,Pennsylvania,8524,0.26032379164711406,0.18500703894885032,,0.4178789300797748
District 16,Texas,6678,,,0.2361485474693022,0.4913147648996706
District 17,California,293389,0.0709603972882419,0.0963601225676491,0.14401017079713282,0.6886693093469762
District 17,Florida,7238,,,,0.4575849682232661
District 17,Illinois,6182,,,,0.42025234551924945
District 17,New York,32881,0.08080654481311396,0.0903561327210243,0.12891943675678963,0.6999178857090721
District 17,Pennsylvania,8844,0.20386702849389415,0.21517412935323382,0.16191768430574402,0.419041157847128
District 17,Texas,22272,,0.11417923850574713,0.15135596264367815,0.6122934626436781
District 18,California,118735,0.03807638859645429,0.06380595443634986,0.11314271276371753,0.7849749442034784
District 18,Florida,11958,,,0.2582371634052517,0.4228968054858672
District 18,Illinois,12407,,,,0.7669057789957282
District 18,New York,15398,0.09358358228341343,0.13196519028445253,0.1691778153006884,0.6052734121314456
District 18,Pennsylvania,9852,,,,0.7026999593991068
District 18,Texas,20254,0.19862743161844573,0.1471808037918436,0.20410783055198972,0.45008393403772096
District 19,California,152250,0.17301149425287357,0.13847619047619047,0.23391789819376027,0.4545944170771757
District 19,Florida,8563,,0.25913815251664135,0.21756393787224104,0.40850169333177627
District 19,New York,7547,0.13091294554127467,0.16019610441234927,0.17225387571220352,0.5366370743341725
District 19,Texas,6297,,,,0.56757185961569
District 2,Alabama,5258,,,,0.3923545074172689
District 2,Arizona,15192,0.13079252238020012,0.16699578725645076,0.22294628751974724,0.4792654028436019
District 2,Arkansas,8087,,,,0.5882280202794609
District 2,California,20184,0.0850178359096314,0.14660126833135156,0.2205707491082045,0.5478101466508125
District 2,Colorado,15728,0.07922177009155645,0.103382502543235,0.1564089521871821,0.6609867751780264
District 2,Connecticut,15161,0.1290152364619748,0.18052898885297802,0.17017347140689928,0.5202823032781478
District 2,Florida,8358,,,,0.5894950945202202
District 2,Georgia,5272,,,,0.453907435508346
District 2,Hawaii,144364,0.10425036712753873,0.3116081571582943,0.3020836219556122,0.28205785375855474
District 2,Idaho,8149,,0.20112897288010798,0.23254387041354768,0.4250828322493557
District 2,Illinois,3713,,,,0.6267169404793967
District 2,Indiana,5705,,,,0.533917616126205
District 2,Iowa,10486,0.10337592981117681,,0.156589738699218,0.5944115964142667
District 2,Kansas,6177,,,,0.6300793265339162
District 2,Kentucky,5829,,0.24275175844913363,,0.35083204666323553
District 2,Louisiana,15129,0.31899001916848435,0.2113160155991804,0.1906272721263798,0.27906669310595544
District 2,Maine,3172,,,,0.5119798234552333
District 2,Maryland,28960,0.12790055248618784,0.13912292817679558,0.15269337016574586,0.5802831491712708
District 2,Massachusetts,24975,0.1553153153153153,0.14094094094094095,0.1306106106106106,0.5731331331331332
District 2,Michigan,10804,0.2575897815623843,0.24620510921880784,0.19372454646427248,0.30248056275453533
District 2,Minnesota,20302,0.14860604866515614,0.16998325288148952,0.23810462023445966,0.4433060782188947
District 2,Mississippi,2691,,,,
District 2,Missouri,22865,0.08077848239667615,0.07806691449814127,0.1140170566367811,0.7271375464684015
District 2,Nebraska,12846,0.2579791374747003,0.10260003113809746,0.11435466293009497,0.5250661684571073
District 2,Nevada,20611,0.11023240017466401,0.20324098782203678,0.2721362379312018,0.41439037407209744
District 2,New Hampshire,11005,,,,0.6663334847796456
District 2,New Jersey,19915,0.20672859653527492,0.2064775295003766,0.21561636957067537,0.3711775043936731
District 2,New Mexico,3824,,,,0.47751046025104604
District 2,New York,15995,0.11278524538918412,0.15979993748046264,0.22475773679274774,0.5026570803376055
District 2,North Carolina,9774,,,,0.6178637200736649
District 2,Ohio,7236,,,,0.6499447208402432
District 2,Oklahoma,2852,0.235273492286115,0.24123422159887797,0.24298737727910238,0.2805049088359046
District 2,Oregon,6073,,,0.26955376255557384,0.39996706734727483
District 2,Pennsylvania,22682,0.14897275372542104,0.1338506304558681,0.09055638832554448,0.6266202274931664
District 2,Rhode Island,10551,,0.22026348213439484,0.16197516823049948,0.4287745237418254
District 2,South Carolina,9051,,0.1618605678930505,,0.5288918351563363
District 2,Tennessee,7572,,,,0.6257263602746963
District 2,Texas,42694,0.1128730032323043,0.16206024265704783,0.1723661404412798,0.5527006136693681
District 2,Utah,12097,0.14458130114904522,0.183599239480863,0.19054310986194925,0.4812763495081425
District 2,Virginia,28924,0.10797261789517355,0.17248651638777485,0.29408103996680957,0.425459825750242
District 2,Washington,42692,0.12714325869015272,0.17663730909772324,0.29106155720041227,0.4051578750117118
District 2,West Virginia,3775,,,,0.5727152317880795
District 2,Wisconsin,17420,0.1010332950631458,0.1055683122847302,0.13111366245694603,0.662284730195178
District 20,California,26744,0.12245737361651211,0.1964552796889022,0.26858360753813937,0.4125037391564463
District 20,Florida,14683,,0.20302390519648572,0.22420486276646462,0.40659265817612206
District 20,New York,21737,0.12467221787735198,0.13198693471960252,0.11827759120393799,0.6250632561991075
District 20,Texas,16518,,0.15110788231020705,0.18706865237922266,0.522763046373653
District 21,California,15841,0.22814216274225113,0.22833154472571177,0.30168549965279967,0.24184079287923743
District 21,Florida,13850,,0.16101083032490976,0.2112635379061372,0.49927797833935017
District 21,New York,4398,,,,0.48681218735788995
District 21,Texas,17983,0.0820219095812712,,0.14725018072624144,0.6631818940110104
District 22,California,37832,0.17974201733981815,0.16261366039331782,0.2559473461619793,0.40169697610488475
District 22,Florida,17691,0.12396133627268102,0.17562602453224804,0.20880673788932225,0.49160590130574866
District 22,New York,9433,0.30880949856885404,0.1220184458814799,0.1844588147991095,0.3847132407505566
District 22,Texas,100007,0.09266351355405121,0.10786244962852601,0.15529912906096574,0.644174907756457
District 23,California,26257,0.1960620025136154,0.18101839509464143,0.2265300681722969,0.3963895342194462
District 23,Florida,22620,,0.16352785145888593,0.17541998231653405,0.5605658709106985
District 23,New York,8038,,,,0.7314008459815875
District 23,Texas,7010,,,,0.5667617689015692
District 24,California,19897,0.08594260441272554,0.1688696788460572,0.2677790621701764,0.47740865457104087
District 24,Florida,7377,,,,0.41385387013691205
District 24,New York,11051,0.3005157904262058,0.1394443941724731,0.1005338883358972,0.4595059270654239
District 24,Texas,70181,0.07382339949558997,0.11374873541271854,0.12876704521166699,0.6836608198800245
District 25,California,42328,0.06374031374031373,0.10687960687960688,0.24728312228312227,0.5820969570969571
District 25,Florida,6591,,,,0.49628280989227735
District 25,New York,16842,0.19944187151169696,0.12718204488778054,0.1342477140482128,0.5391283695523097
District 25,Texas,14789,,,,0.699912096828724
District 26,California,36815,0.06206709221784599,0.11427407306804292,0.23612657884014668,0.5875322558739644
District 26,Florida,10654,,0.20621362868406232,0.16923221325323823,0.41214567298667165
District 26,New York,15911,0.23493180818301804,0.09527999497203193,0.13022437307523096,0.539563823769719
District 26,Texas,32775,0.08598016781083143,0.10273073989321128,0.16155606407322654,0.6497330282227307
District 27,California,209291,0.18486700335895953,0.1756549493289248,0.1796971680578716,0.4597808792542441
District 27,Florida,10959,,,,0.6282507528059129
District 27,New York,5047,,,,0.5977808599167822
District 27,Texas,8071,,0.1915499938049808,0.20493123528682938,0.4649981414942386
District 28,California,75183,0.06883204979849168,0.1120865089182395,0.21430376547889815,0.6047776758043707
District 28,Texas,5481,,,,0.4019339536580916
District 29,California,43255,0.10248526181944284,0.1357299734134782,0.283435440989481,0.478349323777598
District 29,Texas,8417,0.22442675537602472,,,0.392895330877985
District 3,Alabama,7725,,,,0.5576699029126213
District 3,Arizona,8292,0.14821514712976364,0.1636517124939701,0.28871201157742404,0.3994211287988423
District 3,Arkansas,14070,0.15593461265103056,0.1764036958066809,0.16687988628287137,0.5007818052594172
District 3,California,50952,0.16193672476055895,0.17824619249489715,0.26585806249018684,0.39395902025435703
District 3,Colorado,3628,,,,0.4592061742006615
District 3,Connecticut,20651,0.08280470679385986,0.12289961745193938,0.11573289429083337,0.6785627814633673
District 3,Florida,15453,,0.12204749886753381,0.1745939299812334,0.6090079596194914
District 3,Georgia,9191,,0.1840931345881841,0.2681971493852682,0.44728538787944727
District 3,Illinois,21907,0.17944036152827864,0.22152736568220205,0.16287031542429362,0.4361619573652257
District 3,Indiana,9034,0.2966570732787248,0.16825326544166483,0.160504759796325,0.3745849014832854
District 3,Iowa,15756,0.22207413048997207,0.17878903274942878,0.2006854531607007,0.39845138359989846
District 3,Kansas,21950,0.12911161731207288,0.1160364464692483,0.1487015945330296,0.6061503416856492
District 3,Kentucky,12565,0.15344210107441306,0.142300039793076,0.17381615598885794,0.530441703143653
District 3,Louisiana,7543,0.3132705819965531,0.24645366565027177,,0.281585576030757
District 3,Maryland,38935,0.09425966354180043,0.12993450622832928,0.14840118145627326,0.627404648773597
District 3,Massachusetts,38629,0.17466152372569832,0.17274586450594112,0.1288410261720469,0.5237515855963136
District 3,Michigan,8621,0.18779723929938522,0.19823686347291497,0.18988516413409118,0.4240807330936086
District 3,Minnesota,33374,0.13010127644273986,0.12012344939174208,0.20423083837717984,0.5455444357883382
District 3,Mississippi,5135,,,,0.5663096397273613
District 3,Missouri,5225,,,,0.5628708133971292
District 3,Nebraska,2938,,,,
District 3,Nevada,77187,0.08481998263956365,0.19229922137147448,0.29608612849314003,0.42679466749582184
District 3,New Jersey,18874,0.0974886086680089,0.12027127265020664,0.17606230793684433,0.6061778107449401
District 3,New Mexico,6149,,,0.19743047650024395,0.588713611969426
District 3,New York,78748,0.0838624473002489,0.15161019962411743,0.16098186620612587,0.6035454868695078
District 3,North Carolina,7063,,,0.20416253716551042,0.31643777431686254
District 3,Ohio,19578,0.20880580243130045,0.176064970885688,0.145214015731944,0.46991521095106753
District 3,Oklahoma,7213,0.176070982947456,,0.24760848468043808,0.412172466380147
District 3,Oregon,39500,0.22893670886075948,0.1860253164556962,0.23083544303797468,0.35420253164556964
District 3,Pennsylvania,4453,0.263193352795868,0.19941612396137434,,0.4466651695486189
District 3,South Carolina,3663,,,,0.47474747474747475
District 3,Tennessee,6423,,,,0.5112875603300638
District 3,Texas,78843,0.05159621018987101,0.07247314282815215,0.11275572974138477,0.763174917240592
District 3,Utah,8320,,,0.22920673076923076,0.5823317307692307
District 3,Virginia,13489,0.18452072058714508,0.22129142264067017,0.20839202312995775,0.385795833642227
District 3,Washington,16896,0.14192708333333334,0.16719933712121213,0.29646070075757575,0.3944128787878788
District 3,West Virginia,2285,,,,0.6603938730853391
District 3,Wisconsin,7682,0.2107524082270242,0.21205415256443635,0.31254881541265295,0.2646446237958865
District 30,California,71509,0.07730495462109664,0.12664140178159392,0.2245731306548826,0.5714805129424269
District 30,Texas,10267,,,0.22411610012661926,0.45436836466348496
District 31,California,40145,0.11236766720637688,0.14701706314609542,0.23933241997758126,0.5012828496699464
District 31,Texas,26358,0.07963426663631536,0.11799074284847105,0.1814629334547386,0.620912057060475
District 32,California,100772,0.2014547691819156,0.1805958004207518,0.23418211407930775,0.38376731631802485
District 32,Texas,43538,0.17968211677155588,0.1380633010243925,0.19033947356332398,0.4919151086407276
District 33,California,70442,0.029669799267482467,0.06916328326850459,0.16366656256210782,0.7375003549019051
District 33,Texas,11119,0.3352819498156309,0.19147405342207033,0.192103606439428,0.28114039032287075
District 34,California,115266,0.15258619193864625,0.18820814463935592,0.21018340187045617,0.4490222615515416
District 34,Texas,2792,,,,0.5777220630372493
District 35,California,37338,0.11561947613691145,0.1793347260163908,0.2530933633295838,0.4519524345171139
District 35,Texas,8571,,,,0.44312215610780537
District 36,California,18367,0.13045135297000054,0.2038438503838406,0.2892143518266456,0.37649044481951327
District 36,Texas,10417,,,0.15868292214649132,0.551694345780935
District 37,California,54119,0.05632033112215673,0.09645411038637078,0.1895637391673904,0.6576618193240821
District 38,California,83953,0.10389146308053315,0.14770169023143903,0.2428978118709278,0.5055090348171001
District 39,California,163599,0.07164469220472008,0.121828373034065,0.20508071565229616,0.6014462191089187
District 4,Alabama,2850,,,,
District 4,Arizona,7214,,,0.29359578597172165,0.3859162739118381
District 4,Arkansas,2857,,,,
District 4,California,25601,0.08280926526307567,0.1341353853365103,0.24155306433342447,0.5415022850669896
District 4,Colorado,9936,,0.11644524959742351,0.17552334943639292,0.6086956521739131
District 4,Connecticut,27262,0.07904775878512214,0.10531142249284718,0.09797520358007483,0.7176656151419558
District 4,Florida,25173,0.1121439637707067,0.14257339212648473,0.17204941802725143,0.5732332260755572
District 4,Georgia,25351,0.308863555678277,0.1808212693779338,0.13597096761468977,0.37434420732909945
District 4,Illinois,19414,0.11661687442052128,0.1770371896569486,0.2172658905944164,0.4890800453281137
District 4,Indiana,10325,,,,0.6567554479418887
District 4,Iowa,8708,0.18982544786403308,0.1852319706017455,0.1783417547083142,0.44660082682590724
District 4,Kansas,15519,0.20065725884399768,0.2478896836136349,0.21077389007023647,0.34067916747213095
District 4,Kentucky,5800,,,,0.5710344827586207
District 4,Louisiana,4926,,,,0.4350385708485587
District 4,Maryland,17117,0.1022959630776421,0.14985102529648886,0.21353040836595197,0.5343226032599171
District 4,Massachusetts,28594,0.05441701056165629,0.07435126250262293,0.08228999090718332,0.7889417360285375
District 4,Michigan,4263,,,,0.6436781609195402
District 4,Minnesota,45791,0.2866283767552576,0.17422637636216723,0.1986853311786159,0.3404599157039593
District 4,Mississippi,8113,0.22618020460988536,,,
District 4,Missouri,7315,,,,0.561038961038961
District 4,Nevada,31857,0.09194211633236024,0.21260633455755407,0.3310732335122579,0.3643783155978278
District 4,New Jersey,21719,,0.09834706938625166,0.15677517381094894,0.6676642571020766
District 4,New York,32802,0.09673190659106153,0.1471861471861472,0.15995975855130784,0.5961221876714834
District 4,North Carolina,45809,0.08207994062302168,0.08205811085157938,0.10332030823637277,0.7325416402890261
District 4,Ohio,3983,,,,0.610595028872709
District 4,Oklahoma,11297,0.14154200230149597,0.18075595290785165,0.23519518456227317,0.4425068602283792
District 4,Oregon,10051,,0.12078400159188141,0.22684310018903592,0.5548701621729181
District 4,Pennsylvania,11750,0.18791489361702127,0.15531914893617021,0.17710638297872341,0.4796595744680851
District 4,South Carolina,11313,,0.2034827189958455,0.1850967913020419,0.4674268540616989
District 4,Tennessee,8142,0.15929746990911323,0.28187177597641855,0.1911078359125522,0.367722918201916
District 4,Texas,5141,,,,0.4962069636257537
District 4,Utah,16636,0.15232026929550374,0.20557826400577062,0.18105313777350324,0.4610483289252224
District 4,Virginia,9720,,,0.20390946502057614,0.570164609053498
District 4,Washington,7919,0.1780527844424801,0.18108347013511808,0.21442101275413564,0.4264427326682662
District 4,Wisconsin,15761,0.2527123913457268,0.1982742211788592,0.196053549901656,0.352959837573758
District 40,California,14187,0.16437583703390427,0.11834778318178614,0.27229153450341864,0.44498484528089094
District 41,California,27130,0.13586435680058975,0.16420936232952452,0.27231846664209364,0.4276078142277921
District 42,California,51111,0.08381757351646417,0.16043513138072038,0.2762223396137818,0.4795249554890337
District 43,California,71940,0.08295802057269948,0.16308034473172087,0.23942174033917152,0.5145398943564081
District 44,California,31489,0.11931150560513196,0.17650608148877386,0.3072501508463273,0.3969322620597669
District 45,California,125485,0.046109096704785434,0.06705980794517273,0.16663346216679284,0.720197633183249
District 46,California,70530,0.1829292499645541,0.1694314476109457,0.26999858216361833,0.3776407202608819
District 47,California,114969,0.18926841148483503,0.17875253329158294,0.26414076838104183,0.36783828684254016
District 48,California,99274,0.16602534399742128,0.14834699921429578,0.23774603622297882,0.4478816205653041
District 49,California,36783,0.061822037354212545,0.10643503792512846,0.20729684908789386,0.6244460756327651
District 5,Alabama,8441,,,,0.5577538206373652
District 5,Arizona,24539,0.09686621296711358,0.1056277761929989,0.185052365622071,0.6124536452178165
District 5,California,59961,0.10480145427861444,0.14978069078234185,0.32716265572622205,0.41825519921282167
District 5,Colorado,13273,0.14872297144579222,0.19302343102538988,0.24832366458223462,0.4099299329465833
District 5,Connecticut,18582,0.1202238725648477,0.12657410397158542,0.16306102680012916,0.5901409966634378
District 5,Florida,12960,0.15169753086419754,0.23217592592592592,0.23734567901234568,0.3787808641975309
District 5,Georgia,19135,0.13185262607786777,0.18547164881107917,,0.5988502743663444
District 5,Illinois,39329,0.08449235932772255,0.10857128327697119,0.17089170840855347,0.6360446489867527
District 5,Indiana,17252,,,,0.7067006723858104
District 5,Kentucky,1539,,,,
District 5,Louisiana,3460,,,,0.4416184971098266
District 5,Maryland,21867,0.10618740567979147,0.1403484702977089,0.19751223304522797,0.5559518909772717
District 5,Massachusetts,58646,0.09042389932817242,0.10783344132592163,0.09279405245029498,0.7089486068956109
District 5,Michigan,4563,,,,0.5932500547885163
District 5,Minnesota,26402,0.19169002348306946,0.15343534580713583,0.18422846754033786,0.47064616316945684
District 5,Missouri,9314,0.2205282370624866,0.1968005153532317,0.17360961992699162,0.4090616276572901
District 5,New Jersey,54613,0.06313515097138044,0.11077948473806602,0.13941735484225368,0.6866680094482999
District 5,New York,74460,0.24738114423851731,0.23302444265377384,0.1815068493150685,0.3380875637926403
District 5,North Carolina,6702,,,,0.4974634437481349
District 5,Ohio,6306,,,0.17554709800190296,0.5670789724072313
District 5,Oklahoma,17195,0.18976446641465541,0.17249200348938645,0.19331200930503054,0.44443152079092757
District 5,Oregon,15644,0.1017003323958067,0.15597034006647917,0.2661723344413194,0.4761569930963948
District 5,Pennsylvania,6376,,,,0.6778544542032622
District 5,South Carolina,5378,0.17497210859055412,0.2309408702119747,,0.41669765712160656
District 5,Tennessee,16155,0.2175796966883318,0.17004023522129372,0.1403280718043949,0.47205199628597955
District 5,Texas,9945,0.2969331322272499,0.16872800402212168,,0.3517345399698341
District 5,Virginia,7579,,,0.16004749967014117,0.5971764084971632
District 5,Washington,10649,0.17053244436097287,0.16752746736782798,0.2336369612170157,0.4283031270541835
District 5,Wisconsin,12939,,0.11283715897673699,0.11221887317412474,0.6895432413633202
District 50,California,31095,0.09734684032802701,0.16282360508120278,0.2956423862357292,0.444187168355041
District 51,California,43936,0.20673252002913328,0.22890112891478515,0.3156636926438456,0.248702658412236
District 52,California,106010,0.06921988491651732,0.09758513347797378,0.19210451844165644,0.6410904631638524
District 53,California,74202,0.13263793428748552,0.14872914476698743,0.2959488962561656,0.42268402468936145
District 6,Alabama,8139,,,,0.5693574149158374
District 6,Arizona,25502,0.0892479021253235,0.07317073170731707,0.13034271821817897,0.7072386479491805
District 6,California,79090,0.22139334934884308,0.20330003793147047,0.24561891515994436,0.3296876975597421
District 6,Colorado,31949,0.1500516448089142,0.16085010485461204,0.17822154058029985,0.5108767097561739
District 6,Florida,9551,,,0.23107528007538478,0.4426761595644435
District 6,Georgia,57534,0.05963430319463274,0.09776827614975493,0.09700351096742796,0.7455939096881844
District 6,Illinois,45907,0.07608861393687237,0.06833380530202365,0.14479273313438037,0.7107848476267236
District 6,Indiana,6414,,,,0.7187402556906767
District 6,Kentucky,9532,,0.12788501888375997,0.12767519932857743,0.630193033990768
District 6,Louisiana,11317,0.14191040028276045,0.17301404965980383,,0.5403375452858531
District 6,Maryland,60027,0.06966864910790145,0.09923867592916522,0.13403968214303563,0.6970529928198977
District 6,Massachusetts,22316,0.11467108800860369,0.14061659795662304,0.13846567485212405,0.6062466391826492
District 6,Michigan,6928,,,,0.6496824480369515
District 6,Minnesota,9176,,0.16532258064516128,0.2954446381865737,0.40213600697471663
District 6,Missouri,6140,,,,0.4677524429967427
District 6,New Jersey,94281,0.0807055504290366,0.09988226684061476,0.11549516869782883,0.7039170140325198
District 6,New York,221948,0.21679402382540056,0.22919332456251013,0.18609313893344387,0.3679195126786454
District 6,North Carolina,7834,,,,0.422517232575951
District 6,Ohio,2095,,,,0.5408114558472553
District 6,Pennsylvania,22768,,0.08924806746310611,0.08902846099789177,0.7656359803232607
District 6,South Carolina,4276,,,,0.5252572497661365
District 6,Tennessee,4932,,,,0.43207623682076235
District 6,Texas,24010,0.15268638067471887,0.20229071220324865,0.2383173677634319,0.4067055393586006
District 6,Virginia,8099,,,,0.46141498950487714
District 6,Washington,20595,0.17640203932993445,0.20946831755280407,0.29215829084729306,0.3219713522699684
District 6,Wisconsin,9145,0.16063422635319846,0.2793876435210498,0.2108255877528704,0.34915254237288135
District 7,Alabama,3006,,,,0.6327345309381237
District 7,Arizona,13670,0.2855157278712509,0.18997805413313826,0.2065837600585223,0.3179224579370885
District 7,California,78574,0.15879298495685595,0.1488151296866648,0.2528444523633772,0.43954743299310206
District 7,Colorado,17332,0.17459035310408494,0.20638126009693053,0.2228825294253404,0.3961458573736441
District 7,Florida,22461,,0.1469658519211077,0.1850318329548996,0.5614620898446195
District 7,Georgia,69150,0.127881417208966,0.19414316702819956,0.17940708604483008,0.49856832971800435
District 7,Illinois,38066,0.09851310881101245,0.0965428466347922,,0.7155729522408448
District 7,Indiana,13091,0.2800397219463754,0.20586662592620886,,0.4042471927278283
District 7,Maryland,34612,0.0991563619553912,0.09970530451866405,0.12836588466427828,0.6727724488616664
District 7,Massachusetts,52805,0.22075561026417953,0.14911466717166935,0.09578638386516429,0.5343433386989869
District 7,Michigan,4554,,,,0.5757575757575758
District 7,Minnesota,3020,0.1900662251655629,0.27019867549668874,0.26456953642384107,
District 7,Missouri,5395,,,,0.4055607043558851
District 7,New Jersey,50388,0.04905929983329364,0.07773676272128284,0.09692783996189569,0.7762760974835278
District 7,New York,105823,0.4550995530272247,0.18177522844750196,0.0960944218175633,0.26703079670771
District 7,North Carolina,4359,,,,0.4078917182840101
District 7,Ohio,3341,,,,0.49117030829093083
District 7,Pennsylvania,23983,0.07955635241629487,0.13192678147020806,0.11779176916982863,0.6707250969436684
District 7,South Carolina,4942,,,,0.4330230675839741
District 7,Tennessee,9854,,,,0.6025979297747108
District 7,Texas,59008,0.07280368763557483,0.09544468546637744,0.14313313449023862,0.6886184924078091
District 7,Virginia,26759,0.12788220785530102,0.14720281026944207,0.12877910235808512,0.5961358795171718
District 7,Washington,61393,0.086475656833841,0.09110159138664017,0.1871060218591696,0.6353167299203493
District 7,Wisconsin,5904,0.19664634146341464,0.2550813008130081,0.2437330623306233,0.30453929539295393
District 8,Arizona,19577,0.14179904990550135,0.1490013791694335,0.22674567094038922,0.4824538999846759
District 8,California,16892,0.1336135448733128,0.20317309969216196,0.2881245560028416,0.37508879943168366
District 8,Florida,11637,0.1337114376557532,0.21362894216722522,0.2088167053364269,0.4438429148405947
District 8,Georgia,7162,,,,0.40184306059759844
District 8,Illinois,67204,0.09744955657401345,0.10044044997321588,0.1729956550205345,0.6291143384322362
District 8,Indiana,4684,,,,0.5320239111870196
District 8,Maryland,52466,0.09566195250257309,0.10423893569168605,0.15331833949605458,0.6467807723096862
District 8,Massachusetts,43911,0.17788253512787228,0.1770399216597208,0.1333834346746829,0.511694108537724
District 8,Michigan,18807,0.07858775987664167,,0.1362790450364226,0.7277609400755038
District 8,Minnesota,2951,,0.20433751270755676,0.2639783124364622,0.3114198576753643
District 8,Missouri,2749,,,,0.5547471807930157
District 8,New Jersey,52738,0.062364898175888354,0.08771663696006675,0.10216542151769123,0.7477530433463536
District 8,New York,29039,0.2573435724370674,0.19735528082922965,0.14910981783119254,0.3961913289025104
District 8,North Carolina,11736,0.13931492842535786,0.2276755282890252,0.18583844580777095,0.44717109747784595
District 8,Ohio,8241,,,0.16660599441815313,0.5271204950855479
District 8,Pennsylvania,23903,0.09777015437392796,0.15776262393841778,0.1498556666527214,0.5946115550349329
District 8,Tennessee,9561,,,,0.6437611128543039
District 8,Texas,15596,,,0.20255193639394717,0.5749551166965888
District 8,Virginia,66826,0.11025648699607937,0.12270673091311765,0.15188699009367612,0.6151497919971268
District 8,Washington,41803,0.09544769514149702,0.14125780446379446,0.2076405999569409,0.5556539004377676
District 8,Wisconsin,8832,0.21048460144927536,0.2263360507246377,0.200294384057971,0.36288496376811596
District 9,Arizona,25787,0.08698181254120294,0.10555706363671617,0.17822934036530033,0.6292317834567805
District 9,California,70798,0.2039181897793723,0.19524562840758214,0.28954207745981525,0.3112941043532303
District 9,Florida,17197,0.147990928650346,,0.20614060591963715,0.48595685293946617
District 9,Georgia,6116,,0.1962066710268149,0.2042184434270765,0.3544800523217789
District 9,Illinois,65897,0.1055890252970545,0.12970241437394722,0.17210191662746407,0.5926066437015343
District 9,Indiana,9309,,,,0.5831990546782684
District 9,Massachusetts,6571,,,0.16953279561710546,0.46385633845685587
District 9,Michigan,20467,0.14706600869692676,0.1362681389553916,0.18952460057653783,0.5271412517711438
District 9,New Jersey,74605,0.06844045305274446,0.15209436364854903,0.13548689766101468,0.6439782856376919
District 9,New York,36902,0.2812042707712319,0.18335049590808086,0.1282044333640453,0.4072407999566419
District 9,North Carolina,13218,0.10871538810712665,0.117491299742775,0.15985776970797397,0.6139355424421243
District 9,Ohio,6813,,0.20196682812270658,,0.3949801849405548
District 9,Pennsylvania,2696,,,,
District 9,Tennessee,8549,,,,0.5111708971809569
District 9,Texas,66012,0.20352360176937526,0.19650972550445372,0.17525601405805005,0.42471065866812097
District 9,Virginia,5102,,,,0.6769894159153274
District 9,Washington,122303,0.1607155997808721,0.1674611415909667,0.19381372492906962,0.4780095336990916
Resident Commissioner District (at Large),Puerto Rico,5522,,,,
